mtrx[0]
¦£  1.10  2.20  3.30  4.40  5.50¦¤  6.60  7.60
¦¢  3.30  4.40  4.40  5.50  1.10  7.70  8.80¦¢
¦¢  5.50  6.60  5.50  3.30  2.20  4.40  6.60¦¢
¦¢  7.70  8.80  2.20  7.70  2.20  1.10  9.90¦¢
¦¦  9.90  1.10  3.30  2.20  9.90  6.60  9.90¦¥


mtrx[1]
¦£  1.10  0.00  0.00  0.00  0.00¦¤  1.10  6.60
¦¢  0.00  1.10  0.00  0.00  0.00  2.20  7.70¦¢
¦¢  0.00  0.00  1.10  0.00  0.00  3.30  8.80¦¢
¦¢  0.00  0.00  0.00  1.10  0.00  4.40  9.90¦¢
¦¦  0.00  0.00  0.00  0.00  1.10  5.50  9.90¦¥


mtrx[2]
¦£  1.10  2.20  3.30  4.40  5.50
¦¢  6.60  7.70  2.20  3.30  4.40¦¢
¦¢  5.50  1.10  7.70  8.80  3.30¦¢
¦¢  2.20  5.50  3.30  2.20  4.40¦¢
¦¢  6.60  4.40  3.30  2.20  7.70¦¢
¦¢  2.20  1.10  9.90  5.50  4.40¦¢
¦¦  3.30  2.20  9.90  6.60  9.90¦¥


mtrx[3] = mtrx[0] + mtrx[1]
¦£  2.20  2.20  3.30  4.40  5.50¦¤
¦¢  3.30  5.50  4.40  5.50  1.10¦¢
¦¢  5.50  6.60  6.60  3.30  2.20¦¢
¦¢  7.70  8.80  2.20  8.80  2.20¦¢
¦¦  9.90  1.10  3.30  2.20 11.00¦¥


mtrx[4] = mtrx[0] - mtrx[1]
¦£  0.00  2.20  3.30  4.40  5.50¦¤
¦¢  3.30  3.30  4.40  5.50  1.10¦¢
¦¢  5.50  6.60  4.40  3.30  2.20¦¢
¦¢  7.70  8.80  2.20  6.60  2.20¦¢
¦¦  9.90  1.10  3.30  2.20  8.80¦¥


mtrx[5] = mtrx[0] * mtrx[2]
¦£  2.20  4.40  6.60  8.80 11.00¦¤
¦¢  9.90 12.10  6.60  8.80  5.50¦¢
¦¢ 11.00  7.70 13.20 12.10  5.50¦¢
¦¢  9.90 14.30  5.50  9.90  6.60¦¢
¦¦ 16.50  5.50  6.60  4.40 17.60¦¥


mtrx[6] = ~mtrx[5] (transposed matrix)
¦£  2.20  9.90 11.00  9.90 16.50¦¤
¦¢  4.40 12.10  7.70 14.30  5.50¦¢
¦¢  6.60  6.60 13.20  5.50  6.60¦¢
¦¢  8.80  8.80 12.10  9.90  4.40¦¢
¦¦ 11.00  5.50  5.50  6.60 17.60¦¥


mtrx[7] = mtrx[0]
¦£  1.10  2.20  3.30  4.40  5.50¦¤
¦¢  3.30  4.40  4.40  5.50  1.10¦¢
¦¢  5.50  6.60  5.50  3.30  2.20¦¢
¦¢  7.70  8.80  2.20  7.70  2.20¦¢
¦¦  9.90  1.10  3.30  2.20  9.90¦¥


mtrx[7] and mtrx[0] are equal.
